 250
 581
 224
  14
 935
  40
 464
 310
 791
 758
 818
 496
 688
  64
 629
 163
 657
 174
 178
  19
 564
 543
 353
 534
 350
  81
 493
 404
 772
 565
 663
 921
 731
 355
 477
 950
 183
  23
 661
 797
 888
 851
 974
 375
 357
 217
 164
 817
 820
 975
 645
 978
 857
 315
 439
 740
  96
 698
 894
 189
 330
 324
 116
 142
  52
 396
 965
 337
 285
 823
  21
 553
 256
 106
 649
 510
 873
 541
 571
  47
  66
 519
 602
 222
 889
  91
 186
 599
 895
 273
 179
 381
 529
  25
 785
 653
 204
  10
  89
 871
 685
 454
 749
 214
 156
 537
 170
  13
 416
 340
 862
  43
 954
  63
 959
 344
 988
 901
 637
 422
 366
 532
 622
 147
 852
 370
 587
 520
 714
 210
 655
 212
 457
 483
 144
 763
 463
 734
 750
 451
 202
 960
 938
 775
 594
 751
 392
 471
   7
 281
 275
 185
 373
 767
 312
 997
 786
 338
 998
 313
 401
 314
   4
 940
 928
 251
  92
 100
 876
 462
 508
 815
 892
 488
 970
 122
  17
 816
 926
 517
 931
 231
 693
 779
 225
  53
  95
 201
 274
 627
 837
 877
 294
 533
 322
 760
 196
 773
 506
 704
 277
 932
 664
 678
 771
 219
 583
 266
 879
 905
 497
 958
   3
 937
 528
 846
 500
 810
 300
 208
 270
 102
 867
 897
 298
 687
 824
 101
 887
 636
 723
 619
 257
 964
 108
 742
 172
 589
 372
 870
  93
  99
 639
 550
 169
 265
   2
 149
 460
 574